0 1 17
0 5 3
0 13 9
1 7 14
1 23 12
2 4 11
2 18 5
2 21 17
3 8 19
3 14 6
3 25 2
4 9 4
4 16 16
5 7 10
5 20 12
6 10 7
6 11 3
6 22 6
7 15 14
7 24 8
8 12 20
8 19 11
9 17 18
9 23 4
10 14 5
10 29 16
11 13 7
11 20 2
12 15 10
12 26 15
13 27 3
14 16 14
15 17 1
16 21 17
17 19 12
18 22 8
18 28 14
19 24 11
20 23 5
21 25 19
22 26 7
22 30 12
23 27 9
24 29 2
25 28 6
26 31 17
27 32 5
28 33 4
29 34 15
30 35 7
31 36 9
32 37 18
33 38 16
34 39 1
35 40 10
36 41 14
37 42 8
38 43 20
39 44 7
40 45 12
41 46 19
42 47 3
43 48 11
44 49 6
45 50 17
46 51 8
47 52 9
48 53 4
49 54 5
50 55 16
51 56 14
52 57 13
53 58 7
54 59 18
55 60 2
56 61 11
57 62 10
58 63 6
59 64 20
60 65 7
61 66 3
62 67 19
63 68 8
64 69 9
65 70 14
66 71 2
67 72 5
68 73 17
69 74 1
70 75 16
71 76 13
72 77 4
73 78 12
74 79 15
75 80 18
76 81 6
77 82 11
78 83 10
79 84 8
80 85 7
81 86 2
82 87 14
83 88 12
84 89 5
85 90 19
86 91 11
87 92 7
88 93 4
89 94 3
90 95 16
91 96 9
92 97 15
93 98 6
94 99 8
